Input: n = 0
Output: ERROR: You doesen't write a natural number!

Input: n = 1
Output: 1. ((1))
        The number of bases of the vector space Z21  over Z2 is 1
        
Input: n = 2
Output:  The number of bases of the vector space Z22  over Z2 is 6
        1. ((0,1),(1,0))
        2. ((0,1),(1,1))
        3. ((1,0),(0,1))
        4. ((1,0),(1,1))
        5. ((1,1),(0,1))
        6. ((1,1),(1,0))

Input: n = 3
Output: The number of bases of the vector space Z23  over Z2 is 210
        1. ((0,0,1),(0,1,0),(0,1,1))
        2. ((0,0,1),(0,1,0),(1,0,0))
        3. ((0,0,1),(0,1,0),(1,0,1))
        4. ((0,0,1),(0,1,0),(1,1,0))
        5. ((0,0,1),(0,1,0),(1,1,1))
        6. ((0,0,1),(0,1,1),(0,1,0))
        7. ((0,0,1),(0,1,1),(1,0,0))
        8. ((0,0,1),(0,1,1),(1,0,1))
        9. ((0,0,1),(0,1,1),(1,1,0))
        10. ((0,0,1),(0,1,1),(1,1,1))
        11. ((0,0,1),(1,0,0),(0,1,0))
        12. ((0,0,1),(1,0,0),(0,1,1))
        13. ((0,0,1),(1,0,0),(1,0,1))
        14. ((0,0,1),(1,0,0),(1,1,0))
        15. ((0,0,1),(1,0,0),(1,1,1))
        16. ((0,0,1),(1,0,1),(0,1,0))
        17. ((0,0,1),(1,0,1),(0,1,1))
        18. ((0,0,1),(1,0,1),(1,0,0))
        19. ((0,0,1),(1,0,1),(1,1,0))
        20. ((0,0,1),(1,0,1),(1,1,1))
        21. ((0,0,1),(1,1,0),(0,1,0))
        22. ((0,0,1),(1,1,0),(0,1,1))
        23. ((0,0,1),(1,1,0),(1,0,0))
        24. ((0,0,1),(1,1,0),(1,0,1))
        25. ((0,0,1),(1,1,0),(1,1,1))
        26. ((0,0,1),(1,1,1),(0,1,0))
        27. ((0,0,1),(1,1,1),(0,1,1))
        28. ((0,0,1),(1,1,1),(1,0,0))
        29. ((0,0,1),(1,1,1),(1,0,1))
        30. ((0,0,1),(1,1,1),(1,1,0))
        31. ((0,1,0),(0,0,1),(0,1,1))
        32. ((0,1,0),(0,0,1),(1,0,0))
        33. ((0,1,0),(0,0,1),(1,0,1))
        34. ((0,1,0),(0,0,1),(1,1,0))
        35. ((0,1,0),(0,0,1),(1,1,1))
        36. ((0,1,0),(0,1,1),(0,0,1))
        37. ((0,1,0),(0,1,1),(1,0,0))
        38. ((0,1,0),(0,1,1),(1,0,1))
        39. ((0,1,0),(0,1,1),(1,1,0))
        40. ((0,1,0),(0,1,1),(1,1,1))
        41. ((0,1,0),(1,0,0),(0,0,1))
        42. ((0,1,0),(1,0,0),(0,1,1))
        43. ((0,1,0),(1,0,0),(1,0,1))
        44. ((0,1,0),(1,0,0),(1,1,0))
        45. ((0,1,0),(1,0,0),(1,1,1))
        46. ((0,1,0),(1,0,1),(0,0,1))
        47. ((0,1,0),(1,0,1),(0,1,1))
        48. ((0,1,0),(1,0,1),(1,0,0))
        49. ((0,1,0),(1,0,1),(1,1,0))
        50. ((0,1,0),(1,0,1),(1,1,1))
        51. ((0,1,0),(1,1,0),(0,0,1))
        52. ((0,1,0),(1,1,0),(0,1,1))
        53. ((0,1,0),(1,1,0),(1,0,0))
        54. ((0,1,0),(1,1,0),(1,0,1))
        55. ((0,1,0),(1,1,0),(1,1,1))
        56. ((0,1,0),(1,1,1),(0,0,1))
        57. ((0,1,0),(1,1,1),(0,1,1))
        58. ((0,1,0),(1,1,1),(1,0,0))
        59. ((0,1,0),(1,1,1),(1,0,1))
        60. ((0,1,0),(1,1,1),(1,1,0))
        61. ((0,1,1),(0,0,1),(0,1,0))
        62. ((0,1,1),(0,0,1),(1,0,0))
        63. ((0,1,1),(0,0,1),(1,0,1))
        64. ((0,1,1),(0,0,1),(1,1,0))
        65. ((0,1,1),(0,0,1),(1,1,1))
        66. ((0,1,1),(0,1,0),(0,0,1))
        67. ((0,1,1),(0,1,0),(1,0,0))
        68. ((0,1,1),(0,1,0),(1,0,1))
        69. ((0,1,1),(0,1,0),(1,1,0))
        70. ((0,1,1),(0,1,0),(1,1,1))
        71. ((0,1,1),(1,0,0),(0,0,1))
        72. ((0,1,1),(1,0,0),(0,1,0))
        73. ((0,1,1),(1,0,0),(1,0,1))
        74. ((0,1,1),(1,0,0),(1,1,0))
        75. ((0,1,1),(1,0,0),(1,1,1))
        76. ((0,1,1),(1,0,1),(0,0,1))
        77. ((0,1,1),(1,0,1),(0,1,0))
        78. ((0,1,1),(1,0,1),(1,0,0))
        79. ((0,1,1),(1,0,1),(1,1,0))
        80. ((0,1,1),(1,0,1),(1,1,1))
        81. ((0,1,1),(1,1,0),(0,0,1))
        82. ((0,1,1),(1,1,0),(0,1,0))
        83. ((0,1,1),(1,1,0),(1,0,0))
        84. ((0,1,1),(1,1,0),(1,0,1))
        85. ((0,1,1),(1,1,0),(1,1,1))
        86. ((0,1,1),(1,1,1),(0,0,1))
        87. ((0,1,1),(1,1,1),(0,1,0))
        88. ((0,1,1),(1,1,1),(1,0,0))
        89. ((0,1,1),(1,1,1),(1,0,1))
        90. ((0,1,1),(1,1,1),(1,1,0))
        91. ((1,0,0),(0,0,1),(0,1,0))
        92. ((1,0,0),(0,0,1),(0,1,1))
        93. ((1,0,0),(0,0,1),(1,0,1))
        94. ((1,0,0),(0,0,1),(1,1,0))
        95. ((1,0,0),(0,0,1),(1,1,1))
        96. ((1,0,0),(0,1,0),(0,0,1))
        97. ((1,0,0),(0,1,0),(0,1,1))
        98. ((1,0,0),(0,1,0),(1,0,1))
        99. ((1,0,0),(0,1,0),(1,1,0))
        100. ((1,0,0),(0,1,0),(1,1,1))
        101. ((1,0,0),(0,1,1),(0,0,1))
        102. ((1,0,0),(0,1,1),(0,1,0))
        103. ((1,0,0),(0,1,1),(1,0,1))
        104. ((1,0,0),(0,1,1),(1,1,0))
        105. ((1,0,0),(0,1,1),(1,1,1))
        106. ((1,0,0),(1,0,1),(0,0,1))
        107. ((1,0,0),(1,0,1),(0,1,0))
        108. ((1,0,0),(1,0,1),(0,1,1))
        109. ((1,0,0),(1,0,1),(1,1,0))
        110. ((1,0,0),(1,0,1),(1,1,1))
        111. ((1,0,0),(1,1,0),(0,0,1))
        112. ((1,0,0),(1,1,0),(0,1,0))
        113. ((1,0,0),(1,1,0),(0,1,1))
        114. ((1,0,0),(1,1,0),(1,0,1))
        115. ((1,0,0),(1,1,0),(1,1,1))
        116. ((1,0,0),(1,1,1),(0,0,1))
        117. ((1,0,0),(1,1,1),(0,1,0))
        118. ((1,0,0),(1,1,1),(0,1,1))
        119. ((1,0,0),(1,1,1),(1,0,1))
        120. ((1,0,0),(1,1,1),(1,1,0))
        121. ((1,0,1),(0,0,1),(0,1,0))
        122. ((1,0,1),(0,0,1),(0,1,1))
        123. ((1,0,1),(0,0,1),(1,0,0))
        124. ((1,0,1),(0,0,1),(1,1,0))
        125. ((1,0,1),(0,0,1),(1,1,1))
        126. ((1,0,1),(0,1,0),(0,0,1))
        127. ((1,0,1),(0,1,0),(0,1,1))
        128. ((1,0,1),(0,1,0),(1,0,0))
        129. ((1,0,1),(0,1,0),(1,1,0))
        130. ((1,0,1),(0,1,0),(1,1,1))
        131. ((1,0,1),(0,1,1),(0,0,1))
        132. ((1,0,1),(0,1,1),(0,1,0))
        133. ((1,0,1),(0,1,1),(1,0,0))
        134. ((1,0,1),(0,1,1),(1,1,0))
        135. ((1,0,1),(0,1,1),(1,1,1))
        136. ((1,0,1),(1,0,0),(0,0,1))
        137. ((1,0,1),(1,0,0),(0,1,0))
        138. ((1,0,1),(1,0,0),(0,1,1))
        139. ((1,0,1),(1,0,0),(1,1,0))
        140. ((1,0,1),(1,0,0),(1,1,1))
        141. ((1,0,1),(1,1,0),(0,0,1))
        142. ((1,0,1),(1,1,0),(0,1,0))
        143. ((1,0,1),(1,1,0),(0,1,1))
        144. ((1,0,1),(1,1,0),(1,0,0))
        145. ((1,0,1),(1,1,0),(1,1,1))
        146. ((1,0,1),(1,1,1),(0,0,1))
        147. ((1,0,1),(1,1,1),(0,1,0))
        148. ((1,0,1),(1,1,1),(0,1,1))
        149. ((1,0,1),(1,1,1),(1,0,0))
        150. ((1,0,1),(1,1,1),(1,1,0))
        151. ((1,1,0),(0,0,1),(0,1,0))
        152. ((1,1,0),(0,0,1),(0,1,1))
        153. ((1,1,0),(0,0,1),(1,0,0))
        154. ((1,1,0),(0,0,1),(1,0,1))
        155. ((1,1,0),(0,0,1),(1,1,1))
        156. ((1,1,0),(0,1,0),(0,0,1))
        157. ((1,1,0),(0,1,0),(0,1,1))
        158. ((1,1,0),(0,1,0),(1,0,0))
        159. ((1,1,0),(0,1,0),(1,0,1))
        160. ((1,1,0),(0,1,0),(1,1,1))
        161. ((1,1,0),(0,1,1),(0,0,1))
        162. ((1,1,0),(0,1,1),(0,1,0))
        163. ((1,1,0),(0,1,1),(1,0,0))
        164. ((1,1,0),(0,1,1),(1,0,1))
        165. ((1,1,0),(0,1,1),(1,1,1))
        166. ((1,1,0),(1,0,0),(0,0,1))
        167. ((1,1,0),(1,0,0),(0,1,0))
        168. ((1,1,0),(1,0,0),(0,1,1))
        169. ((1,1,0),(1,0,0),(1,0,1))
        170. ((1,1,0),(1,0,0),(1,1,1))
        171. ((1,1,0),(1,0,1),(0,0,1))
        172. ((1,1,0),(1,0,1),(0,1,0))
        173. ((1,1,0),(1,0,1),(0,1,1))
        174. ((1,1,0),(1,0,1),(1,0,0))
        175. ((1,1,0),(1,0,1),(1,1,1))
        176. ((1,1,0),(1,1,1),(0,0,1))
        177. ((1,1,0),(1,1,1),(0,1,0))
        178. ((1,1,0),(1,1,1),(0,1,1))
        179. ((1,1,0),(1,1,1),(1,0,0))
        180. ((1,1,0),(1,1,1),(1,0,1))
        181. ((1,1,1),(0,0,1),(0,1,0))
        182. ((1,1,1),(0,0,1),(0,1,1))
        183. ((1,1,1),(0,0,1),(1,0,0))
        184. ((1,1,1),(0,0,1),(1,0,1))
        185. ((1,1,1),(0,0,1),(1,1,0))
        186. ((1,1,1),(0,1,0),(0,0,1))
        187. ((1,1,1),(0,1,0),(0,1,1))
        188. ((1,1,1),(0,1,0),(1,0,0))
        189. ((1,1,1),(0,1,0),(1,0,1))
        190. ((1,1,1),(0,1,0),(1,1,0))
        191. ((1,1,1),(0,1,1),(0,0,1))
        192. ((1,1,1),(0,1,1),(0,1,0))
        193. ((1,1,1),(0,1,1),(1,0,0))
        194. ((1,1,1),(0,1,1),(1,0,1))
        195. ((1,1,1),(0,1,1),(1,1,0))
        196. ((1,1,1),(1,0,0),(0,0,1))
        197. ((1,1,1),(1,0,0),(0,1,0))
        198. ((1,1,1),(1,0,0),(0,1,1))
        199. ((1,1,1),(1,0,0),(1,0,1))
        200. ((1,1,1),(1,0,0),(1,1,0))
        201. ((1,1,1),(1,0,1),(0,0,1))
        202. ((1,1,1),(1,0,1),(0,1,0))
        203. ((1,1,1),(1,0,1),(0,1,1))
        204. ((1,1,1),(1,0,1),(1,0,0))
        205. ((1,1,1),(1,0,1),(1,1,0))
        206. ((1,1,1),(1,1,0),(0,0,1))
        207. ((1,1,1),(1,1,0),(0,1,0))
        208. ((1,1,1),(1,1,0),(0,1,1))
        209. ((1,1,1),(1,1,0),(1,0,0))
        210. ((1,1,1),(1,1,0),(1,0,1))

Input: n = 4
Output: 

          